Original container:
Kate Clapp: 2011-05-12, Bloger, 110000$
Emma Stone: 2010-04-06, Actor, 1e+07$
Serkan Bolat: 2020-23-09, Character, 200000$

Sorted container:
Serkan Bolat: 2020-23-09, Character, 200000$
Kate Clapp: 2011-05-12, Bloger, 110000$
Emma Stone: 2010-04-06, Actor, 1e+07$

Copied container:
Kate Clapp: 2011-05-12, Bloger, 110000$
Emma Stone: 2010-04-06, Actor, 1e+07$
Serkan Bolat: 2020-23-09, Character, 200000$
